3.938549e+03 7.648441e+02 -5.064458e+02
3.980347e+03 1.729755e+02 3.018094e+02
-8.214965e+02 -4.552750e+02 -2.418705e+01
2.177446e+03 -6.268146e+02 -7.447335e+02
3.955824e+03 -3.136723e+02 -8.763978e+02
3.982389e+03 -4.387044e+02 -4.994947e+02
3.037823e+03 5.176805e+02 -3.696165e+02
9.096872e+02 -8.599485e+02 9.773680e+02
3.744685e+03 -3.657984e+02 -8.534080e+02
3.522204e+03 2.043652e+03 -1.800465e+01
2.504765e+03 1.225911e+03 -8.874553e+02
1.428341e+03 9.701880e+02 2.135368e+02
2.983605e+03 -1.091856e+03 -8.481715e+02
1.994413e+03 1.400794e+02 -1.077543e+03
2.389975e+03 -2.086630e+01 -8.682180e+02
2.969795e+03 -1.477429e+03 -1.806673e+03
4.156853e+03 2.154118e+02 -1.216885e+03
